( 11490 , 1 )
( 11260 , 1 )
( 11290 , 1 )
( 11360 , 1 )
( 11330 , 1 )
( 11290 , 1 )
( 11280 , 1 )
( 11330 , 1 )
( 11300 , 1 )
( 11340 , 1 )
( 11310 , 1 )
( 11330 , 1 )
( 11360 , 2 )
( 11420 , 1 )
( 11400 , 1 )
( 11450 , 1 )
( 11420 , 1 )
( 11450 , 1 )
( 11430 , 1 )
( 11450 , 1 )
( 11500 , 1 )
( 11750 , 1 )
( 11710 , 3 )
( 11730 , 1 )
( 11870 , 1 )
( 11960 , 1 )
( 11890 , 1 )
( 11980 , 1 )
( 12270 , 1 )
( 12140 , 1 )
( 12400 , 1 )
( 12830 , 1 )
( 12840 , 1 )
( 12910 , 1 )
( 12740 , 1 )
( 12800 , 1 )
( 12840 , 1 )
( 13050 , 1 )
( 13100 , 1 )
( 12910 , 1 )
( 12920 , 1 )
( 12910 , 1 )
( 12960 , 1 )
( 12770 , 1 )
( 12920 , 1 )
( 12900 , 1 )
( 12960 , 1 )
( 12920 , 1 )
( 12970 , 1 )
( 13070 , 1 )
( 13090 , 1 )
( 13120 , 1 )
( 13300 , 1 )
( 13020 , 1 )
( 12970 , 1 )
( 12990 , 1 )
( 13020 , 1 )
( 13040 , 1 )
( 13100 , 1 )
( 13040 , 1 )
( 13130 , 1 )
( 12840 , 1 )
( 13000 , 1 )
( 13090 , 1 )
( 13110 , 1 )
( 13130 , 1 )
( 13370 , 1 )
( 13640 , 1 )
( 13610 , 1 )
( 13710 , 1 )
( 13730 , 1 )
( 13680 , 1 )
( 13280 , 1 )
( 13130 , 1 )
( 13200 , 1 )
( 13250 , 1 )
( 13230 , 1 )
( 13120 , 2 )
( 13540 , 1 )
( 13480 , 1 )
( 13580 , 1 )
( 13410 , 1 )
( 13230 , 1 )
( 13320 , 1 )
( 13520 , 1 )
( 13620 , 1 )
( 13600 , 1 )
( 13500 , 1 )
( 13730 , 1 )
( 13870 , 1 )
( 13810 , 1 )
( 13830 , 1 )
( 13710 , 1 )
( 13670 , 1 )
( 13690 , 1 )
( 13670 , 1 )
( 13780 , 1 )
( 13800 , 2 )
( 13750 , 1 )
( 13680 , 1 )
( 13570 , 1 )
( 13380 , 1 )
( 13500 , 1 )
( 13600 , 1 )
( 13590 , 1 )
( 13360 , 1 )
( 13540 , 1 )
( 13680 , 1 )
( 13730 , 2 )
( 13810 , 1 )
( 13790 , 1 )
( 13650 , 1 )
( 13830 , 1 )
( 14070 , 1 )
( 14000 , 1 )
( 14140 , 1 )
( 14310 , 1 )
( 14460 , 1 )
( 14820 , 1 )
( 15040 , 1 )
( 15230 , 1 )
( 15750 , 1 )
( 15630 , 1 )
( 15410 , 1 )
( 15680 , 1 )
( 15470 , 1 )
( 15520 , 1 )
( 15680 , 1 )
( 15550 , 1 )
( 15480 , 1 )
( 15500 , 1 )
( 15210 , 1 )
( 14810 , 1 )
( 15050 , 2 )
( 15020 , 1 )
( 15200 , 1 )
( 15570 , 1 )
( 15320 , 1 )
( 15510 , 1 )
( 15470 , 1 )
( 15400 , 1 )
( 15270 , 1 )
( 15220 , 1 )
( 15370 , 1 )
( 15380 , 1 )
( 15360 , 1 )
( 15380 , 1 )
( 15310 , 1 )
( 15300 , 1 )
( 15370 , 1 )
( 15430 , 1 )
( 15370 , 1 )
( 15430 , 1 )
( 15550 , 1 )
( 15870 , 1 )
( 15820 , 1 )
( 15640 , 1 )
( 15750 , 1 )
( 16040 , 1 )
( 16000 , 1 )
( 15950 , 1 )
( 16150 , 1 )
( 16440 , 1 )
( 16230 , 1 )
( 16310 , 1 )
( 16230 , 1 )
( 16260 , 2 )
( 16190 , 1 )
( 16150 , 1 )
( 15780 , 1 )
( 15920 , 1 )
( 15900 , 1 )
( 15980 , 1 )
( 15970 , 1 )
( 16010 , 1 )
( 16060 , 1 )
( 16040 , 1 )
( 15880 , 1 )
( 15830 , 1 )
( 15940 , 1 )
( 16100 , 1 )
( 16220 , 1 )
( 16310 , 1 )
( 16670 , 1 )
( 16690 , 2 )
( 16610 , 1 )
( 16640 , 1 )
( 16940 , 1 )
( 17810 , 1 )
( 17620 , 1 )
( 17740 , 1 )
( 17620 , 1 )
( 18100 , 1 )
( 17880 , 1 )
( 17890 , 1 )
( 17770 , 1 )
( 17850 , 1 )
( 17900 , 1 )
( 17420 , 1 )
( 18000 , 1 )
( 17970 , 1 )
( 17930 , 1 )
( 17960 , 1 )
( 18120 , 1 )
( 18180 , 1 )
( 18240 , 1 )
( 18690 , 1 )
( 18560 , 1 )
( 18820 , 1 )
( 18640 , 1 )
( 18600 , 1 )
( 18790 , 1 )
( 18750 , 1 )
( 18640 , 1 )
( 18450 , 1 )
( 18500 , 1 )
( 18350 , 1 )
( 18190 , 1 )
( 18470 , 1 )
( 18570 , 1 )
( 18210 , 1 )
( 18440 , 1 )
( 18640 , 1 )
( 18600 , 1 )
( 18340 , 1 )
( 18410 , 1 )
( 18470 , 1 )
( 18330 , 1 )
( 18970 , 1 )
( 19180 , 1 )
( 19190 , 1 )
( 18920 , 1 )
( 19090 , 1 )
( 18880 , 1 )
( 19160 , 1 )
( 19200 , 1 )
( 19060 , 1 )
( 18860 , 1 )
( 18790 , 1 )
( 17910 , 1 )
( 17040 , 1 )
( 17050 , 1 )
( 16690 , 1 )
( 17030 , 1 )
( 17310 , 1 )
( 17250 , 1 )
( 16630 , 1 )
( 16920 , 1 )
( 16720 , 1 )
( 16980 , 1 )
( 17120 , 1 )
( 16970 , 1 )
( 16900 , 1 )
( 17350 , 1 )
( 17740 , 1 )
( 17730 , 1 )
( 17570 , 1 )
( 17790 , 1 )
( 18090 , 1 )
( 18080 , 1 )
( 18090 , 1 )
( 18250 , 1 )
( 18480 , 1 )
( 18520 , 1 )
( 18470 , 1 )
( 19160 , 1 )
( 19370 , 1 )
( 19360 , 1 )
( 19590 , 1 )
( 19470 , 1 )
( 19560 , 1 )
( 18770 , 1 )
( 19040 , 2 )
( 18840 , 1 )
( 18640 , 1 )
( 19010 , 1 )
( 19110 , 1 )
( 18970 , 1 )
( 19130 , 1 )
( 19010 , 1 )
( 18910 , 1 )
( 19350 , 1 )
( 19280 , 1 )
( 19290 , 1 )
( 19430 , 1 )
( 19320 , 1 )
( 19190 , 1 )
( 19360 , 1 )
( 19000 , 1 )
( 18950 , 1 )
( 18800 , 1 )
( 18640 , 1 )
( 18950 , 1 )
( 19100 , 1 )
( 18970 , 1 )
( 19110 , 1 )
( 18990 , 1 )
( 19240 , 1 )
( 19140 , 1 )
( 19030 , 1 )
( 18940 , 1 )
( 19120 , 1 )
( 19220 , 1 )
( 19280 , 1 )
( 19230 , 1 )
( 19190 , 1 )
( 19170 , 1 )
( 19150 , 1 )
( 19050 , 1 )
( 19200 , 1 )
( 19270 , 1 )
( 18770 , 1 )
( 18900 , 2 )
( 18740 , 1 )
( 18190 , 1 )
( 18180 , 1 )
( 18010 , 1 )
( 18470 , 1 )
( 18280 , 1 )
( 18500 , 1 )
( 18410 , 1 )
( 18350 , 1 )
( 18220 , 1 )
( 18200 , 1 )
( 18180 , 1 )
( 18320 , 1 )
( 17870 , 1 )
( 17880 , 1 )
( 17780 , 1 )
( 17950 , 1 )
( 17970 , 1 )
( 18070 , 1 )
( 18270 , 1 )
( 18300 , 1 )
( 18410 , 1 )
( 18380 , 1 )
( 18470 , 1 )
( 18780 , 1 )
( 18790 , 1 )
( 18840 , 1 )
( 19240 , 1 )
( 19300 , 1 )
( 19240 , 1 )
( 19160 , 1 )
( 19060 , 2 )
( 19160 , 2 )
( 19110 , 1 )
( 19170 , 1 )
( 19430 , 1 )
( 19110 , 1 )
( 19170 , 1 )
( 19330 , 1 )
( 19390 , 2 )
( 19380 , 1 )
( 19360 , 1 )
( 19490 , 1 )
( 20330 , 1 )
( 20640 , 1 )
( 21190 , 1 )
( 21720 , 1 )
( 22270 , 1 )
( 22630 , 1 )
( 22830 , 1 )
( 23080 , 1 )
( 22760 , 1 )
( 22980 , 1 )
( 22940 , 1 )
( 23180 , 1 )
( 22550 , 1 )
( 22740 , 1 )
( 22870 , 1 )
( 23050 , 1 )
( 22950 , 1 )
( 22970 , 1 )
( 23180 , 1 )
( 23910 , 1 )
( 23950 , 1 )
( 23490 , 1 )
( 23480 , 1 )
( 23570 , 1 )
( 23550 , 1 )
( 23720 , 1 )
( 23390 , 1 )
( 23660 , 1 )
( 23890 , 1 )
( 23430 , 1 )
( 22800 , 1 )
( 22700 , 1 )
( 23120 , 1 )
( 22740 , 1 )
( 22660 , 1 )
( 22750 , 1 )
( 23460 , 1 )
( 23310 , 1 )
( 23420 , 1 )
( 23670 , 1 )
( 23490 , 1 )
( 23600 , 1 )
( 23580 , 2 )
( 23270 , 1 )
( 23180 , 1 )
( 23040 , 1 )
( 23320 , 1 )
( 23360 , 2 )
( 23380 , 1 )
( 23570 , 2 )
( 23900 , 1 )
( 24470 , 1 )
( 24160 , 1 )
( 24390 , 1 )
( 24870 , 1 )
( 24690 , 1 )
( 24830 , 1 )
( 24910 , 1 )
( 25750 , 1 )
( 26660 , 1 )
( 26600 , 1 )
( 26860 , 1 )
( 27770 , 1 )
( 27480 , 1 )
( 26730 , 1 )
( 26350 , 1 )
( 27010 , 1 )
( 26900 , 1 )
( 26780 , 1 )
( 27190 , 1 )
( 27100 , 1 )
( 26570 , 1 )
( 26770 , 1 )
( 26380 , 1 )
( 26540 , 1 )
( 26830 , 1 )
( 26580 , 1 )
( 26870 , 1 )
( 27570 , 1 )
( 27980 , 1 )
( 27830 , 2 )
( 28220 , 1 )
( 28890 , 1 )
( 28740 , 1 )
( 28960 , 1 )
( 28970 , 1 )
( 28530 , 1 )
( 28560 , 1 )
( 29220 , 1 )
( 29430 , 1 )
( 29650 , 1 )
( 29660 , 1 )
( 31560 , 1 )
( 32920 , 1 )
( 31650 , 1 )
( 32590 , 1 )
( 33720 , 1 )
( 34190 , 1 )
( 33900 , 1 )
( 32900 , 1 )
( 33570 , 1 )
( 33210 , 1 )
( 32880 , 1 )
( 30980 , 1 )
( 31400 , 1 )
( 31000 , 1 )
( 31020 , 1 )
( 32790 , 1 )
( 30430 , 1 )
( 31570 , 1 )
( 31480 , 1 )
( 32790 , 1 )
( 33760 , 1 )
( 33850 , 1 )
( 35090 , 1 )
( 33970 , 1 )
( 34640 , 1 )
( 34980 , 1 )
( 35920 , 1 )
( 36960 , 1 )
( 37470 , 1 )
( 37520 , 1 )
( 38210 , 1 )
( 39760 , 1 )
( 39720 , 1 )
( 38680 , 1 )
( 37970 , 1 )
( 39360 , 1 )
( 41330 , 1 )
( 41010 , 1 )
( 40050 , 1 )
( 40230 , 1 )
( 39340 , 1 )
( 40370 , 1 )
( 41100 , 1 )
( 40510 , 1 )
( 40850 , 1 )
( 41220 , 1 )
( 40540 , 1 )
( 40830 , 1 )
( 39850 , 1 )
( 38630 , 1 )
( 38010 , 1 )
( 37200 , 1 )
( 34820 , 1 )
( 35710 , 1 )
( 32720 , 1 )
( 32780 , 1 )
( 33970 , 1 )
( 34250 , 1 )
( 35840 , 1 )
( 35890 , 1 )
( 33220 , 1 )
( 34950 , 1 )
( 34660 , 1 )
( 33080 , 1 )
( 33250 , 1 )
( 34300 , 1 )
( 34520 , 1 )
( 34770 , 1 )
( 37240 , 1 )
( 37420 , 1 )
( 37520 , 1 )
( 37910 , 1 )
( 38980 , 1 )
( 39360 , 1 )
( 38720 , 1 )
( 39080 , 1 )
( 37760 , 1 )
( 38620 , 1 )
( 37620 , 1 )
( 35940 , 1 )
( 36230 , 1 )
( 37010 , 1 )
( 35850 , 1 )
( 37420 , 1 )
( 37130 , 1 )
( 36880 , 1 )
( 35920 , 1 )
( 36680 , 1 )
( 35530 , 1 )
( 34130 , 1 )
( 34820 , 1 )
( 35800 , 1 )
( 36550 , 1 )
( 36080 , 1 )
( 35330 , 1 )
( 36520 , 1 )
( 36760 , 1 )
( 35670 , 1 )
( 36210 , 1 )
( 36900 , 1 )
( 36280 , 1 )
( 37070 , 1 )
( 37110 , 1 )
( 37160 , 1 )
( 36460 , 1 )
( 36120 , 1 )
( 35470 , 1 )
( 34790 , 1 )
( 34940 , 1 )
( 34820 , 1 )
( 34880 , 1 )
( 34760 , 1 )
( 34540 , 1 )
( 32860 , 1 )
( 32260 , 1 )
( 31850 , 1 )
( 31190 , 1 )
( 30030 , 1 )
( 31800 , 1 )
( 31380 , 1 )
( 32160 , 1 )
( 32330 , 1 )
( 33300 , 1 )
( 32710 , 1 )
( 33360 , 1 )
( 32480 , 1 )
( 31870 , 1 )
( 32250 , 1 )
( 32340 , 1 )
( 31890 , 1 )
( 32840 , 1 )
( 32650 , 1 )
( 32240 , 1 )
( 31880 , 1 )
( 31890 , 1 )
( 32850 , 1 )
( 33330 , 1 )
( 32980 , 1 )
( 34550 , 1 )
( 33750 , 1 )
( 32610 , 1 )
( 32730 , 1 )
( 32070 , 1 )
( 31810 , 1 )
( 31730 , 1 )
( 32200 , 1 )
( 31990 , 1 )
( 32110 , 1 )
( 31530 , 1 )
( 31230 , 1 )
( 30290 , 1 )
( 30540 , 1 )
( 30980 , 1 )
( 30920 , 1 )
( 31760 , 1 )
( 31470 , 1 )
( 31770 , 1 )
( 32310 , 1 )
( 33220 , 1 )
( 33970 , 1 )
( 33030 , 1 )
( 36970 , 1 )
( 38350 , 1 )
( 35700 , 1 )
( 34600 , 1 )
( 34100 , 1 )
( 33480 , 1 )
( 34240 , 3 )
( 34670 , 1 )
( 34210 , 1 )
( 33760 , 1 )
( 33300 , 1 )
( 33670 , 1 )
( 32290 , 1 )
( 32630 , 1 )
( 33430 , 1 )
( 33770 , 1 )
( 34350 , 1 )
( 33680 , 1 )
( 33990 , 1 )
( 33640 , 1 )
( 33740 , 1 )
( 34000 , 1 )
( 35320 , 1 )
( 34840 , 1 )
( 34860 , 1 )
( 35660 , 1 )
( 35880 , 1 )
( 36500 , 1 )
( 35880 , 1 )
( 36580 , 1 )
( 37220 , 1 )
( 37270 , 1 )
( 38210 , 1 )
( 37620 , 1 )
( 37540 , 1 )
( 37610 , 1 )
( 36910 , 1 )
( 37660 , 1 )
( 36640 , 1 )
( 37070 , 1 )
( 37290 , 1 )
( 38320 , 1 )
( 37910 , 1 )
( 37830 , 1 )
( 38830 , 1 )
( 39030 , 1 )
( 39900 , 1 )
( 40140 , 1 )
( 40230 , 1 )
( 40070 , 1 )
( 38640 , 1 )
( 38530 , 1 )
( 39530 , 1 )
( 38670 , 1 )
( 37890 , 1 )
( 38540 , 1 )
( 38550 , 1 )
( 38680 , 1 )
( 38970 , 1 )
( 43180 , 1 )
( 43110 , 1 )
( 44660 , 1 )
( 46140 , 1 )
( 46910 , 1 )
( 46440 , 1 )
( 46270 , 1 )
( 46530 , 1 )
( 47220 , 1 )
( 46290 , 1 )
( 46140 , 1 )
( 46630 , 1 )
( 45680 , 1 )
( 45010 , 1 )
( 44930 , 1 )
( 44200 , 1 )
( 44660 , 1 )
( 45520 , 1 )
( 47510 , 1 )
( 47380 , 1 )
( 46880 , 1 )
( 48450 , 1 )
( 47270 , 1 )
( 47360 , 1 )
( 47880 , 1 )
( 47760 , 1 )
( 47910 , 1 )
( 47680 , 1 )
( 47930 , 1 )
( 47220 , 1 )
( 46980 , 1 )
( 46850 , 1 )
( 47140 , 1 )
( 47490 , 1 )
( 48860 , 1 )
( 49120 , 1 )
( 48750 , 1 )
( 48620 , 1 )
( 48810 , 1 )
( 48050 , 1 )
( 46750 , 1 )
( 47510 , 1 )
( 47960 , 1 )
( 48530 , 1 )
( 48160 , 1 )
( 48270 , 1 )
( 49130 , 1 )
( 49250 , 1 )
( 48860 , 1 )
( 48230 , 1 )
( 48540 , 1 )
( 49250 , 1 )
( 49700 , 1 )
( 51460 , 1 )
( 51110 , 1 )
( 51350 , 1 )
( 52340 , 1 )
( 52120 , 1 )
( 52170 , 1 )
( 51760 , 1 )
( 51780 , 1 )
( 51810 , 1 )
( 51990 , 1 )
( 51260 , 1 )
( 51450 , 1 )
( 52610 , 1 )
( 52750 , 1 )
( 54760 , 1 )
( 55600 , 1 )
( 56160 , 1 )
( 55640 , 1 )
( 55230 , 1 )
( 57250 , 1 )
( 57050 , 1 )
( 56490 , 1 )
( 56330 , 1 )
( 56550 , 1 )
( 56810 , 1 )
( 57150 , 1 )
( 57490 , 1 )
( 57320 , 1 )
( 56880 , 1 )
( 55820 , 1 )
( 54670 , 1 )
( 52000 , 1 )
( 52030 , 1 )
( 54880 , 1 )
( 52480 , 1 )
( 49960 , 1 )
( 48020 , 1 )
( 48700 , 1 )
( 47110 , 1 )
( 47940 , 1 )
( 50180 , 2 )
( 50860 , 1 )
( 49440 , 1 )
( 50050 , 1 )
( 48720 , 1 )
( 50470 , 1 )
( 50390 , 1 )
( 48990 , 1 )
( 51350 , 1 )
( 49480 , 1 )
( 48050 , 1 )
( 46450 , 1 )
( 45500 , 1 )
( 46390 , 1 )
( 45900 , 1 )
( 47650 , 1 )
( 45630 , 1 )
( 47700 , 1 )
( 47750 , 1 )
( 46630 , 1 )
( 47420 , 1 )
( 47040 , 1 )
( 46800 , 1 )
( 46440 , 1 )
( 44760 , 1 )
( 45080 , 1 )
( 44180 , 1 )
( 43140 , 1 )
( 45210 , 1 )
( 46220 , 1 )
( 46200 , 1 )
( 47370 , 1 )
( 47850 , 1 )
( 48570 , 1 )
( 48810 , 1 )
( 49390 , 1 )
( 48670 , 1 )
( 49140 , 1 )
( 48980 , 1 )
( 47860 , 1 )
( 47400 , 1 )
( 48840 , 1 )
( 49050 , 1 )
( 51450 , 1 )
( 51520 , 1 )
( 51320 , 1 )
( 50900 , 1 )
( 51490 , 1 )
( 49660 , 1 )
( 49060 , 1 )
( 49630 , 1 )
( 48450 , 1 )
( 47880 , 1 )
( 46660 , 1 )
( 47110 , 1 )
( 47010 , 1 )
( 48060 , 1 )
( 48050 , 1 )
( 49010 , 1 )
( 48610 , 1 )
( 48450 , 1 )
( 48290 , 1 )
( 47290 , 1 )
( 48240 , 1 )
( 48550 , 1 )
( 49110 , 1 )
( 49320 , 1 )
( 50920 , 1 )
( 50750 , 1 )
( 51010 , 1 )
( 50040 , 1 )
( 51530 , 1 )
( 50770 , 1 )
( 49870 , 1 )
( 50970 , 1 )
( 50780 , 1 )
( 51830 , 1 )
( 53520 , 1 )
( 54240 , 1 )
( 54090 , 1 )
( 54770 , 1 )
( 53780 , 1 )
( 54270 , 1 )
( 54690 , 1 )
( 53640 , 1 )
( 55200 , 1 )
( 56260 , 1 )
( 56850 , 1 )
( 56880 , 1 )
( 55750 , 1 )
( 55210 , 1 )
( 54430 , 1 )
( 56880 , 1 )
( 56810 , 1 )
( 57560 , 1 )
( 56860 , 1 )
( 57120 , 1 )
( 56480 , 1 )
( 55660 , 1 )
( 57100 , 1 )
( 56920 , 1 )
( 56360 , 1 )
( 56690 , 1 )
( 57530 , 1 )
( 59880 , 1 )
( 60280 , 1 )
( 61030 , 1 )
( 61020 , 1 )
( 60960 , 1 )
( 60720 , 1 )
( 60400 , 1 )
( 59510 , 1 )
( 60220 , 1 )
( 59440 , 1 )
( 59720 , 1 )
( 57730 , 1 )
( 56400 , 1 )
( 56250 , 1 )
( 56370 , 1 )
( 54040 , 1 )
( 54360 , 1 )
( 55870 , 1 )
( 55030 , 1 )
( 55620 , 1 )
( 56340 , 1 )
( 56520 , 1 )
( 55540 , 1 )
( 55750 , 1 )
( 55120 , 1 )
( 55260 , 1 )
( 57710 , 1 )
( 58900 , 1 )
( 58780 , 1 )
( 57960 , 1 )
( 58030 , 1 )
( 59030 , 1 )
( 57450 , 1 )
( 56820 , 1 )
( 57840 , 1 )
( 58290 , 1 )
( 58810 , 1 )
( 58830 , 1 )
( 58360 , 1 )
( 58600 , 1 )
( 58190 , 1 )
( 58660 , 1 )
( 59140 , 1 )
( 58990 , 1 )
( 58500 , 1 )
( 58330 , 1 )
( 56860 , 1 )
( 57160 , 1 )
( 56160 , 1 )
( 57240 , 1 )
( 57770 , 1 )
( 56550 , 1 )
( 57570 , 1 )
( 57170 , 1 )
( 57230 , 1 )
( 56730 , 1 )
( 54510 , 1 )
( 54680 , 1 )
( 54400 , 1 )
( 54280 , 1 )
( 55080 , 1 )
( 55500 , 1 )
( 54400 , 1 )
( 53670 , 1 )
( 54070 , 1 )
( 56250 , 1 )
( 56900 , 1 )
( 55710 , 1 )
( 54000 , 1 )
( 52580 , 1 )
( 52210 , 1 )
( 52570 , 1 )
( 51020 , 1 )
( 51270 , 1 )
( 51950 , 1 )
( 52050 , 1 )
( 52660 , 1 )
( 53370 , 1 )
( 52980 , 1 )
( 53770 , 1 )
( 53960 , 1 )
( 54740 , 1 )
( 54940 , 1 )
( 54900 , 1 )
( 54240 , 1 )
( 56130 , 1 )
( 55850 , 1 )
( 56000 , 1 )
( 56240 , 1 )
( 56260 , 1 )
( 55480 , 1 )
( 56230 , 1 )
( 54790 , 1 )
( 55350 , 1 )
( 55280 , 1 )
( 57090 , 1 )
( 58000 , 1 )
( 57570 , 1 )
( 57190 , 1 )
( 57500 , 1 )
( 57540 , 1 )
( 57920 , 1 )
( 59140 , 1 )
( 58670 , 1 )
( 58620 , 1 )
( 59020 , 1 )
( 58700 , 1 )
( 57970 , 1 )
( 58120 , 1 )
( 58980 , 1 )
( 58920 , 1 )
( 59190 , 1 )
( 58870 , 1 )
( 59190 , 1 )
