( 380 , 1 )
( 370 , 5 )
( 360 , 1 )
( 370 , 14 )
( 380 , 5 )
( 370 , 5 )
( 380 , 3 )
( 400 , 1 )
( 390 , 1 )
( 400 , 1 )
( 390 , 1 )
( 400 , 1 )
( 410 , 1 )
( 420 , 2 )
( 410 , 3 )
( 420 , 1 )
( 400 , 1 )
( 410 , 8 )
( 420 , 1 )
( 410 , 7 )
( 400 , 1 )
( 390 , 5 )
( 400 , 1 )
( 410 , 1 )
( 400 , 4 )
( 390 , 1 )
( 380 , 2 )
( 390 , 3 )
( 380 , 1 )
( 390 , 3 )
( 380 , 7 )
( 390 , 6 )
( 380 , 1 )
( 390 , 3 )
( 400 , 3 )
( 390 , 1 )
( 380 , 4 )
( 370 , 1 )
( 380 , 8 )
( 400 , 6 )
( 410 , 2 )
( 430 , 3 )
( 440 , 3 )
( 460 , 4 )
( 450 , 1 )
( 430 , 1 )
( 440 , 4 )
( 460 , 1 )
( 450 , 5 )
( 440 , 1 )
( 450 , 7 )
( 460 , 4 )
( 470 , 2 )
( 460 , 2 )
( 470 , 1 )
( 460 , 1 )
( 450 , 1 )
( 460 , 3 )
( 470 , 6 )
( 450 , 1 )
( 460 , 7 )
( 440 , 2 )
( 450 , 4 )
( 460 , 5 )
( 470 , 1 )
( 480 , 2 )
( 490 , 1 )
( 470 , 1 )
( 480 , 1 )
( 470 , 3 )
( 480 , 2 )
( 470 , 1 )
( 480 , 1 )
( 470 , 2 )
( 480 , 2 )
( 490 , 1 )
( 510 , 6 )
( 520 , 1 )
( 540 , 5 )
( 530 , 1 )
( 550 , 1 )
( 570 , 1 )
( 560 , 1 )
( 580 , 1 )
( 590 , 1 )
( 600 , 3 )
( 620 , 1 )
( 610 , 2 )
( 600 , 1 )
( 610 , 1 )
( 600 , 2 )
( 590 , 4 )
( 580 , 1 )
( 570 , 1 )
( 530 , 1 )
( 500 , 1 )
( 510 , 1 )
( 500 , 1 )
( 510 , 1 )
( 530 , 2 )
( 500 , 1 )
( 510 , 1 )
( 500 , 1 )
( 510 , 1 )
( 520 , 1 )
( 510 , 2 )
( 530 , 1 )
( 540 , 2 )
( 530 , 1 )
( 540 , 1 )
( 550 , 3 )
( 570 , 1 )
( 590 , 1 )
( 580 , 2 )
( 600 , 3 )
( 610 , 3 )
( 590 , 1 )
( 600 , 1 )
( 590 , 6 )
( 600 , 1 )
( 590 , 2 )
( 610 , 5 )
( 600 , 1 )
( 610 , 1 )
( 590 , 2 )
( 580 , 1 )
( 570 , 1 )
( 580 , 1 )
( 590 , 4 )
( 600 , 2 )
( 590 , 3 )
( 600 , 1 )
( 590 , 1 )
( 600 , 1 )
( 590 , 6 )
( 570 , 1 )
( 580 , 2 )
( 560 , 1 )
( 550 , 3 )
( 570 , 4 )
( 560 , 5 )
( 540 , 3 )
( 550 , 1 )
( 540 , 1 )
( 550 , 2 )
( 560 , 2 )
( 550 , 1 )
( 560 , 1 )
( 570 , 1 )
( 560 , 1 )
( 570 , 1 )
( 580 , 2 )
( 590 , 2 )
( 580 , 2 )
( 590 , 1 )
( 580 , 3 )
( 590 , 1 )
( 580 , 2 )
( 590 , 3 )
( 580 , 2 )
( 590 , 1 )
( 610 , 1 )
( 620 , 1 )
( 630 , 1 )
( 640 , 1 )
( 650 , 1 )
( 640 , 1 )
( 660 , 1 )
( 650 , 1 )
( 640 , 1 )
( 650 , 2 )
( 660 , 1 )
( 640 , 1 )
( 650 , 5 )
( 660 , 3 )
( 650 , 2 )
( 660 , 1 )
( 650 , 2 )
( 630 , 1 )
( 640 , 2 )
( 630 , 1 )
( 610 , 1 )
( 600 , 1 )
( 620 , 1 )
( 600 , 1 )
( 610 , 1 )
( 600 , 1 )
( 620 , 1 )
( 630 , 1 )
( 620 , 1 )
( 630 , 1 )
( 610 , 4 )
( 600 , 1 )
( 590 , 1 )
( 580 , 2 )
( 600 , 1 )
( 590 , 1 )
( 600 , 1 )
( 610 , 2 )
( 620 , 1 )
( 630 , 1 )
( 610 , 1 )
( 620 , 1 )
( 630 , 2 )
( 620 , 2 )
( 640 , 1 )
( 650 , 1 )
( 640 , 2 )
( 650 , 2 )
( 690 , 1 )
( 680 , 1 )
( 700 , 1 )
( 710 , 1 )
( 730 , 2 )
( 740 , 1 )
( 730 , 1 )
( 720 , 1 )
( 710 , 1 )
( 720 , 1 )
( 730 , 1 )
( 720 , 2 )
( 740 , 1 )
( 730 , 1 )
( 720 , 2 )
( 740 , 1 )
( 750 , 1 )
( 740 , 2 )
( 750 , 1 )
( 730 , 1 )
( 740 , 1 )
( 730 , 4 )
( 770 , 1 )
( 780 , 1 )
( 770 , 1 )
( 780 , 1 )
( 790 , 1 )
( 820 , 1 )
( 870 , 1 )
( 930 , 1 )
( 950 , 1 )
( 970 , 1 )
( 1090 , 1 )
( 970 , 1 )
( 1010 , 1 )
( 1000 , 1 )
( 1010 , 1 )
( 1110 , 1 )
( 990 , 1 )
( 1030 , 1 )
( 1020 , 1 )
( 1080 , 2 )
( 1070 , 1 )
( 1100 , 2 )
( 1140 , 1 )
( 1190 , 1 )
( 1180 , 1 )
( 1200 , 1 )
( 1210 , 2 )
( 1220 , 1 )
( 1270 , 1 )
( 1250 , 1 )
( 1180 , 1 )
( 1150 , 1 )
( 1220 , 1 )
( 1250 , 1 )
( 1220 , 1 )
( 1190 , 1 )
( 1200 , 1 )
( 1180 , 1 )
( 1210 , 1 )
( 1220 , 2 )
( 1290 , 1 )
( 1320 , 2 )
( 1330 , 1 )
( 1310 , 1 )
( 1300 , 1 )
( 1270 , 1 )
( 1210 , 1 )
( 1090 , 1 )
( 1130 , 1 )
( 1020 , 1 )
( 1000 , 1 )
( 1030 , 1 )
( 1050 , 1 )
( 1130 , 1 )
( 1110 , 1 )
( 1020 , 1 )
( 1120 , 1 )
( 1080 , 1 )
( 1030 , 2 )
( 1060 , 1 )
( 1070 , 2 )
( 1120 , 1 )
( 1110 , 2 )
( 1150 , 1 )
( 1190 , 1 )
( 1220 , 1 )
( 1190 , 1 )
( 1230 , 1 )
( 1180 , 1 )
( 1230 , 1 )
( 1220 , 1 )
( 1150 , 1 )
( 1160 , 1 )
( 1180 , 1 )
( 1160 , 1 )
( 1210 , 1 )
( 1230 , 1 )
( 1250 , 1 )
( 1230 , 1 )
( 1250 , 1 )
( 1210 , 1 )
( 1180 , 1 )
( 1200 , 1 )
( 1230 , 1 )
( 1260 , 1 )
( 1240 , 1 )
( 1210 , 1 )
( 1230 , 1 )
( 1240 , 1 )
( 1220 , 1 )
( 1230 , 1 )
( 1320 , 2 )
( 1380 , 1 )
( 1420 , 2 )
( 1410 , 1 )
( 1390 , 1 )
( 1370 , 1 )
( 1310 , 3 )
( 1320 , 1 )
( 1340 , 1 )
( 1300 , 1 )
( 1260 , 1 )
( 1230 , 1 )
( 1190 , 1 )
( 1170 , 1 )
( 1120 , 1 )
( 1170 , 2 )
( 1220 , 1 )
( 1230 , 1 )
( 1240 , 1 )
( 1230 , 1 )
( 1260 , 2 )
( 1230 , 1 )
( 1250 , 2 )
( 1240 , 1 )
( 1320 , 1 )
( 1340 , 1 )
( 1320 , 1 )
( 1360 , 1 )
( 1350 , 1 )
( 1430 , 1 )
( 1440 , 1 )
( 1390 , 1 )
( 1420 , 1 )
( 1400 , 1 )
( 1350 , 1 )
( 1380 , 1 )
( 1340 , 1 )
( 1310 , 1 )
( 1280 , 1 )
( 1330 , 2 )
( 1320 , 1 )
( 1280 , 1 )
( 1270 , 1 )
( 1240 , 1 )
( 1260 , 1 )
( 1280 , 1 )
( 1270 , 1 )
( 1300 , 2 )
( 1340 , 2 )
( 1350 , 2 )
( 1300 , 1 )
( 1370 , 1 )
( 1430 , 1 )
( 1370 , 3 )
( 1330 , 1 )
( 1340 , 1 )
( 1360 , 1 )
( 1370 , 1 )
( 1380 , 1 )
( 1370 , 1 )
( 1350 , 1 )
( 1340 , 1 )
( 1350 , 1 )
( 1290 , 2 )
( 1320 , 2 )
( 1330 , 2 )
( 1320 , 1 )
( 1350 , 1 )
( 1380 , 1 )
( 1390 , 1 )
( 1440 , 1 )
( 1430 , 1 )
( 1470 , 1 )
( 1520 , 2 )
( 1540 , 1 )
( 1530 , 1 )
( 1550 , 1 )
( 1640 , 1 )
( 1630 , 1 )
( 1690 , 1 )
( 1660 , 1 )
( 1650 , 1 )
( 1630 , 2 )
( 1640 , 1 )
( 1600 , 1 )
( 1630 , 1 )
( 1650 , 1 )
( 1720 , 1 )
( 1730 , 1 )
( 1720 , 1 )
( 1670 , 1 )
( 1660 , 1 )
( 1700 , 1 )
( 1680 , 1 )
( 1710 , 2 )
( 1640 , 1 )
( 1620 , 1 )
( 1640 , 1 )
( 1590 , 1 )
( 1560 , 1 )
( 1590 , 2 )
( 1610 , 1 )
( 1630 , 1 )
( 1680 , 1 )
( 1710 , 1 )
( 1700 , 1 )
( 1730 , 1 )
( 1740 , 1 )
( 1780 , 1 )
( 1740 , 2 )
( 1770 , 1 )
( 1800 , 2 )
( 1790 , 1 )
( 1750 , 1 )
( 1740 , 1 )
( 1730 , 1 )
( 1710 , 1 )
( 1720 , 1 )
( 1770 , 1 )
( 1790 , 1 )
( 1780 , 1 )
( 1770 , 1 )
( 1790 , 1 )
( 1760 , 1 )
( 1770 , 1 )
( 1790 , 1 )
( 1850 , 4 )
( 1830 , 1 )
( 1810 , 1 )
( 1790 , 1 )
( 1810 , 1 )
( 1830 , 1 )
( 1840 , 2 )
( 1810 , 1 )
( 1800 , 1 )
( 1820 , 1 )
( 1750 , 1 )
( 1720 , 1 )
( 1760 , 1 )
( 1800 , 1 )
( 1820 , 1 )
( 1790 , 1 )
( 1800 , 1 )
( 1810 , 1 )
( 1800 , 1 )
( 1770 , 1 )
( 1750 , 2 )
( 1760 , 1 )
( 1750 , 1 )
( 1810 , 1 )
( 1820 , 2 )
( 1850 , 1 )
( 1910 , 1 )
( 1900 , 2 )
( 1910 , 1 )
( 1920 , 1 )
( 1940 , 1 )
( 1910 , 2 )
( 1930 , 1 )
( 1920 , 1 )
( 1970 , 1 )
( 1960 , 1 )
( 1950 , 1 )
( 2010 , 1 )
( 2000 , 1 )
( 2030 , 1 )
( 2000 , 1 )
( 1960 , 1 )
( 1940 , 3 )
( 1950 , 2 )
( 1920 , 1 )
( 1910 , 1 )
( 1870 , 1 )
( 1820 , 1 )
( 1720 , 1 )
( 1680 , 1 )
( 1800 , 1 )
( 1710 , 1 )
( 1620 , 1 )
( 1500 , 1 )
( 1550 , 1 )
( 1520 , 1 )
( 1530 , 1 )
( 1610 , 1 )
( 1630 , 1 )
( 1690 , 1 )
( 1640 , 1 )
( 1660 , 1 )
( 1590 , 1 )
( 1630 , 1 )
( 1620 , 1 )
( 1600 , 1 )
( 1640 , 1 )
( 1590 , 1 )
( 1520 , 1 )
( 1470 , 1 )
( 1450 , 1 )
( 1480 , 1 )
( 1460 , 1 )
( 1520 , 1 )
( 1430 , 1 )
( 1500 , 2 )
( 1460 , 1 )
( 1480 , 1 )
( 1490 , 1 )
( 1510 , 1 )
( 1460 , 1 )
( 1360 , 2 )
( 1340 , 1 )
( 1330 , 1 )
( 1420 , 1 )
( 1440 , 1 )
( 1430 , 1 )
( 1500 , 1 )
( 1520 , 2 )
( 1550 , 1 )
( 1570 , 1 )
( 1560 , 2 )
( 1570 , 1 )
( 1500 , 1 )
( 1470 , 1 )
( 1520 , 1 )
( 1540 , 1 )
( 1610 , 2 )
( 1620 , 1 )
( 1590 , 1 )
( 1610 , 1 )
( 1560 , 1 )
( 1550 , 1 )
( 1570 , 1 )
( 1560 , 1 )
( 1520 , 1 )
( 1460 , 1 )
( 1470 , 2 )
( 1490 , 1 )
( 1510 , 1 )
( 1530 , 2 )
( 1570 , 1 )
( 1560 , 1 )
( 1530 , 1 )
( 1600 , 1 )
( 1640 , 2 )
( 1660 , 1 )
( 1680 , 1 )
( 1660 , 1 )
( 1670 , 1 )
( 1660 , 1 )
( 1740 , 1 )
( 1750 , 1 )
( 1690 , 1 )
( 1740 , 1 )
( 1730 , 1 )
( 1790 , 1 )
( 1840 , 2 )
( 1830 , 1 )
( 1840 , 1 )
( 1810 , 1 )
( 1820 , 1 )
( 1830 , 1 )
( 1800 , 1 )
( 1830 , 1 )
( 1840 , 1 )
( 1850 , 1 )
( 1820 , 1 )
( 1790 , 1 )
( 1780 , 1 )
( 1740 , 1 )
( 1810 , 1 )
( 1790 , 1 )
( 1840 , 1 )
( 1810 , 2 )
( 1780 , 1 )
( 1740 , 1 )
( 1760 , 2 )
( 1740 , 1 )
( 1770 , 1 )
( 1790 , 1 )
( 1880 , 1 )
( 1910 , 2 )
( 1900 , 2 )
( 1890 , 1 )
( 1880 , 1 )
( 1850 , 1 )
( 1870 , 2 )
( 1860 , 1 )
( 1790 , 1 )
( 1780 , 1 )
( 1770 , 1 )
( 1790 , 1 )
( 1730 , 1 )
( 1750 , 1 )
( 1800 , 1 )
( 1780 , 1 )
( 1800 , 2 )
( 1780 , 1 )
( 1770 , 1 )
( 1780 , 1 )
( 1760 , 1 )
( 1780 , 1 )
( 1810 , 1 )
( 1820 , 1 )
( 1830 , 1 )
( 1800 , 2 )
( 1810 , 1 )
( 1770 , 1 )
( 1760 , 1 )
( 1780 , 1 )
( 1810 , 2 )
( 1820 , 3 )
( 1830 , 2 )
( 1840 , 2 )
( 1830 , 1 )
( 1800 , 1 )
( 1770 , 1 )
( 1780 , 1 )
( 1770 , 1 )
( 1780 , 1 )
( 1800 , 1 )
( 1760 , 1 )
( 1790 , 1 )
( 1780 , 2 )
( 1770 , 1 )
( 1680 , 1 )
( 1690 , 2 )
( 1680 , 1 )
( 1700 , 1 )
( 1710 , 1 )
( 1670 , 1 )
( 1650 , 1 )
( 1680 , 1 )
( 1710 , 1 )
( 1730 , 1 )
( 1700 , 1 )
( 1610 , 1 )
( 1590 , 1 )
( 1570 , 1 )
( 1600 , 1 )
( 1580 , 1 )
( 1590 , 1 )
( 1600 , 1 )
( 1620 , 2 )
( 1630 , 2 )
( 1670 , 1 )
( 1660 , 1 )
( 1690 , 1 )
( 1700 , 1 )
( 1690 , 1 )
( 1680 , 1 )
( 1710 , 1 )
( 1720 , 1 )
( 1710 , 1 )
( 1720 , 2 )
( 1690 , 1 )
( 1700 , 1 )
( 1670 , 1 )
( 1680 , 1 )
( 1690 , 1 )
( 1730 , 1 )
( 1770 , 1 )
( 1800 , 1 )
( 1810 , 2 )
( 1800 , 1 )
( 1810 , 1 )
( 1840 , 1 )
( 1830 , 1 )
( 1840 , 1 )
( 1860 , 1 )
( 1820 , 1 )
( 1810 , 2 )
( 1850 , 1 )
( 1940 , 1 )
( 1930 , 1 )
( 1920 , 1 )
( 1930 , 1 )
